296
245
275
234
362
351
274
248
284
213
371
405
344
263
206
343
385
398
327
307
185
347
322
243
383
421
360
199
366
250
332
358
240
412
401
223
423
391
231
286
417
205
339
359
219
236
273
281
355
336
278
299
181
313
215
228
207
287
190
190
190
393
402
399
380
237
252
410
333
300
324
214
298
368
265
369
350
397
268
364
276
418
395
292
225
283
246
409
196
241
200
242
376
337
233
318
247
257
294
218
320
372
387
314
301
282
269
286
270
259
192
205
294
219
194
224
217
239
276
207
200
213
248
227
241
284
231
261
237
233
233
233
233
233
190
247
278
214
208
212
265
206
183
199
249
256
281
262
216
250
181
180
254
186
257
230
295
204
271
188
203
232
277
189
289
282
293
185
195
252
285
187
244
242
191
238
251
296
235
279
193
273
198
201
215
210
202
246
300
263
223
226
258
229
260
274
291
222
218
299
266
236
288
272
290
211
220
228
253
197
184
298
297
264
268
280
243
255
283
196
209
182
267
292
287
225
245
209
276
269
380
267
388
278
304
329
345
322
305
246
340
197
261
428
272
190
240
181
359
336
188
390
352
408
242
421
247
204
249
422
348
196
228
285
274
430
360
326
370
191
292
391
230
402
350
303
341
321
301
192
318
394
268
259
239
355
384
185
317
312
343
316
187
311
358
363
382
409
335
221
293
346
315
212
298
218
266
389
330
297
427
423
279
193
414
252
195
231
211
236
353
194
201
403
224
222
415
254
310
366
364
410
183
273
227
208
385
219
356
200
333
313
180
307
280
270
256
295
404
184
235
416
251
220
238
368
205
327
244
210
216
357
288
277
245
420
396
375
214
226
189
225
342
376
198
339
347
237
232
393
338
334
281
234
253
397
381
386
351
309
419
302
413
406
392
412
202
257
374
429
290
331
271
203
263
425
324
367
229
255
286
248
383
344
349
300
306
314
299
399
283
289
243
424
264
401
378
199
407
182
223
186
282
296
371
369
206
233
215
262
361
258
417
398
354
213
365
372
308
328
319
426
332
337
400
287
418
241
395
260
323
387
207
379
320
373
217
325
265
250
362
405
275
377
291
284
411
294
330
277
318
344
267
241
378
302
349
333
276
303
260
402
216
204
275
180
273
420
310
386
259
253
327
396
345
379
212
331
366
309
247
382
340
428
264
218
353
256
199
405
320
242
186
322
360
335
284
314
390
191
192
279
387
252
413
370
319
324
263
200
274
203
194
418
380
417
227
286
406
222
249
416
228
223
185
213
397
363
189
348
313
190
235
255
374
392
326
312
181
414
336
328
182
430
187
362
246
359
304
201
358
270
311
347
323
219
356
427
412
369
281
419
248
217
293
210
288
371
391
230
307
224
411
272
239
329
343
408
211
197
233
338
403
196
325
350
364
282
269
373
399
206
372
250
257
225
308
361
188
214
296
422
352
268
236
299
317
193
295
300
294
389
226
184
375
265
289
409
365
368
208
377
297
415
381
355
305
285
207
398
401
215
298
234
421
271
262
254
351
385
221
383
384
429
354
231
407
202
394
291
237
232
261
287
316
424
339
251
423
332
346
243
301
283
393
334
290
292
229
400
238
425
205
367
376
395
395
395